              precision    recall  f1-score   support

           0       0.97      0.92      0.94        74
           1       1.00      0.99      0.99        90
          10       0.99      0.92      0.95        90
           2       0.95      0.95      0.95        82
           3       0.97      0.99      0.98        93
           4       0.93      0.99      0.96       102
           5       0.99      0.99      0.99        90
           6       0.98      0.98      0.98        91
           7       1.00      1.00      1.00        91
           8       0.98      1.00      0.99        98
           9       1.00      0.99      0.99        92
           A       0.97      0.96      0.97        81
         AIR       0.98      1.00      0.99        58
        AWAK       0.99      1.00      0.99        98
           B       1.00      0.90      0.95        89
           C       0.96      1.00      0.98        85
           D       0.99      1.00      0.99        87
       DEMAM       1.00      1.00      1.00        30
      DENGAR       1.00      0.50      0.67         4
           E       0.98      1.00      0.99        85
           F       1.00      0.97      0.98        87
           G       1.00      0.97      0.99        79
           H       0.99      1.00      0.99        78
           I       1.00      0.97      0.98        89
           J       1.00      1.00      1.00        82
           K       0.97      0.99      0.98        85
           L       0.99      1.00      0.99        89
           M       0.96      1.00      0.98        86
        MAAF       0.99      1.00      1.00       102
       MAKAN       0.98      0.99      0.98        99
       MINUM       0.99      0.99      0.99       145
           N       0.98      0.98      0.98        98
           O       0.95      0.98      0.96        92
           P       0.99      1.00      0.99        79
           Q       1.00      0.99      0.99        96
           R       0.96      0.99      0.97        93
           S       0.98      0.96      0.97       103
       SALAH       1.00      0.99      1.00       151
        SAYA       0.98      1.00      0.99       130
      SENYAP       1.00      1.00      1.00        43
           T       0.99      0.98      0.98        85
       TIDUR       1.00      0.94      0.97        17
      TOLONG       1.00      1.00      1.00        99
           U       0.93      0.94      0.94       100
           V       0.99      0.93      0.96       102
           W       1.00      0.98      0.99        97
       WAKTU       1.00      1.00      1.00        42
           X       0.98      0.99      0.98        95
           Y       0.99      0.99      0.99        98
           Z       0.95      1.00      0.98       100

    accuracy                           0.98      4351
   macro avg       0.98      0.97      0.98      4351
weighted avg       0.98      0.98      0.98      4351
