              precision    recall  f1-score   support

           0       0.94      0.91      0.92        74
           1       1.00      1.00      1.00        90
          10       0.98      0.89      0.93        90
           2       1.00      0.96      0.98        82
           3       0.99      1.00      0.99        93
           4       0.98      1.00      0.99       102
           5       1.00      1.00      1.00        90
           6       0.99      0.97      0.98        91
           7       1.00      0.99      0.99        91
           8       1.00      1.00      1.00        98
           9       0.99      1.00      0.99        92
           A       0.90      0.98      0.93        81
         AIR       1.00      0.98      0.99        58
        AWAK       0.99      0.99      0.99        98
           B       0.97      0.98      0.97        89
           C       1.00      1.00      1.00        85
           D       0.99      1.00      0.99        87
       DEMAM       0.97      1.00      0.98        30
      DENGAR       1.00      0.50      0.67         4
           E       1.00      1.00      1.00        85
           F       1.00      0.99      0.99        87
           G       1.00      0.97      0.99        79
           H       1.00      1.00      1.00        78
           I       0.99      1.00      0.99        89
           J       1.00      1.00      1.00        82
           K       1.00      1.00      1.00        85
           L       1.00      1.00      1.00        89
           M       0.99      1.00      0.99        86
        MAAF       0.98      1.00      0.99       102
       MAKAN       0.98      0.99      0.98        99
       MINUM       0.98      0.98      0.98       145
           N       1.00      0.99      0.99        98
           O       0.95      0.97      0.96        92
           P       0.99      1.00      0.99        79
           Q       1.00      0.99      0.99        96
           R       1.00      1.00      1.00        93
           S       1.00      1.00      1.00       103
       SALAH       1.00      0.99      0.99       151
        SAYA       0.96      0.99      0.97       130
      SENYAP       1.00      1.00      1.00        43
           T       0.94      1.00      0.97        85
       TIDUR       1.00      0.94      0.97        17
      TOLONG       1.00      1.00      1.00        99
           U       0.95      1.00      0.98       100
           V       1.00      0.98      0.99       102
           W       1.00      0.99      0.99        97
       WAKTU       1.00      1.00      1.00        42
           X       1.00      0.96      0.98        95
           Y       1.00      0.99      0.99        98
           Z       1.00      0.99      0.99       100

    accuracy                           0.99      4351
   macro avg       0.99      0.98      0.98      4351
weighted avg       0.99      0.99      0.99      4351
